1 0.21171875 0.6110011574074073 0.3911458333333334 0.7779976851851853
1 0.34718750000000004 0.5959143518518518 0.37020833333333336 0.790763888888889
1 0.618125 0.577505787037037 0.2838541666666668 0.7327314814814816
1 0.5072916666666667 0.6327025462962963 0.25625 0.6921875
1 0.8530729166666667 0.5036747685185186 0.2938541666666666 0.8008680555555557
1 0.7602604166666667 0.5447685185185185 0.3475 0.7769675925925925
2 0.15687500000000001 0.7413136574074074 0.13624999999999998 0.1528125000000001
2 0.9780208333333335 0.6112094907407407 0.04395833333333314 0.12843750000000007
2 0.8379166666666666 0.6507581018518518 0.10510416666666664 0.1291782407407407
2 0.50578125 0.6571064814814814 0.12479166666666668 0.14435185185185198
2 0.3140104166666667 0.7218055555555556 0.12666666666666665 0.14913194444444447
2 0.6464583333333334 0.6730844907407407 0.11135416666666664 0.129548611111111