1 0.18473958333333335 0.6162847222222222 0.35540509259259256 0.7674305555555556
1 0.32285879629629627 0.6087673611111111 0.3291666666666666 0.7779745370370371
1 0.5931481481481482 0.6039814814814815 0.24473379629629619 0.7220601851851853
1 0.4797395833333333 0.6541203703703704 0.2185300925925926 0.6810648148148148
1 0.8525231481481482 0.5483449074074074 0.2949537037037036 0.7856944444444445
1 0.7370543981481481 0.5807465277777777 0.30682870370370363 0.7620254629629629
2 0.12506944444444446 0.7390972222222223 0.12925925925925927 0.1456018518518519
2 0.9661516203703704 0.6623842592592593 0.0676967592592593 0.12314814814814809
2 0.8083101851851853 0.6906770833333333 0.09736111111111115 0.12326388888888892
2 0.4772858796296296 0.6768229166666666 0.11657407407407412 0.13916666666666658
2 0.2826736111111111 0.7297280092592592 0.1197916666666666 0.14233796296296292
2 0.6171354166666667 0.7013252314814815 0.10517361111111115 0.12337962962962959