1 0.5556712962962963 0.5536458333333333 0.152662037037037 0.21385416666666668
1 0.6941840277777778 0.5711979166666666 0.45214120370370364 0.8576041666666667
1 0.1427662037037037 0.5075520833333333 0.2855324074074074 0.7088541666666666
1 0.8069155092592591 0.594375 0.36510416666666645 0.81125
1 0.39762731481481484 0.5250520833333334 0.4106481481481482 0.9260416666666667
1 0.24942129629629628 0.46963541666666664 0.45740740740740743 0.9276041666666666
1 0.5347222222222222 0.5397395833333334 0.4491319444444445 0.9205208333333333
2 0.8927083333333332 0.60359375 0.14814814814814808 0.19489583333333335
2 0.38515625 0.5344270833333333 0.13732638888888893 0.19572916666666665
2 0.22641782407407404 0.4304166666666667 0.13674768518518512 0.18791666666666665
2 0.0667824074074074 0.40302083333333333 0.1335648148148148 0.18979166666666672
2 0.5575231481481481 0.54984375 0.14212962962962977 0.19760416666666672
2 0.7211805555555555 0.6086458333333333 0.1396412037037038 0.18500000000000014