1 0.8106597222222222 0.5964988425925926 0.11520833333333336 0.20040509259259273
1 0.28456597222222224 0.0931712962962963 0.1229861111111111 0.12922453703703704
1 0.6345659722222222 0.20810185185185182 0.05940972222222225 0.07615740740740744
1 0.7061111111111111 0.22314814814814815 0.05652777777777782 0.08686342592592596
1 0.5068402777777778 0.05949074074074075 0.08190972222222222 0.10590277777777776
0 0.9691493055555555 0.18070023148148145 0.06170138888888914 0.1564236111111111
1 0.5836111111111111 0.5209780092592593 0.12368055555555557 0.23067129629629637
1 0.9612847222222222 0.4697916666666667 0.07743055555555571 0.1814814814814815
1 0.5183159722222223 0.50546875 0.12524305555555557 0.230787037037037
1 0.6559895833333333 0.5383101851851851 0.13347222222222221 0.25011574074074083
1 0.6952430555555555 0.05101273148148148 0.05343750000000007 0.08819444444444444
1 0.6152777777777778 0.07962962962962963 0.0645138888888889 0.09525462962962963
1 0.7894097222222223 0.06281828703703703 0.05194444444444439 0.09120370370370372
1 0.7576562499999999 0.04247685185185184 0.05 0.07390046296296296
1 0.4114409722222222 0.5204282407407408 0.13440972222222225 0.2221064814814815
1 0.2509027777777778 0.5151041666666666 0.11965277777777779 0.18981481481481488
1 0.3313888888888889 0.5099247685185185 0.10725694444444436 0.19357638888888892
1 0.8540625000000001 0.6128472222222221 0.12312499999999993 0.20567129629629619
0 0.9684375 0.11038773148148147 0.06312500000000014 0.14392361111111113
0 0.9286805555555556 0.3087673611111111 0.1426388888888887 0.2438078703703704
1 0.7516840277777778 0.5484375 0.11364583333333336 0.2002893518518519