1 0.5581076388888888 0.37671875000000005 0.03195601851851855 0.04572916666666664
0 0.8787384259259259 0.4219791666666667 0.07689814814814824 0.10166666666666675
1 0.4678819444444445 0.6626041666666667 0.1414351851851851 0.2352083333333333
1 0.6817592592592593 0.8866666666666667 0.3589351851851852 0.165625
0 0.9337094907407408 0.4492708333333334 0.13258101851851833 0.36
1 0.594369212962963 0.38057291666666665 0.03335648148148138 0.04270833333333339
0 0.8304166666666667 0.38208333333333333 0.0764120370370371 0.09229166666666666
0 0.4016898148148148 0.3385416666666667 0.09373842592592592 0.12614583333333335
0 0.3289988425925926 0.49390625000000005 0.3281365740740741 0.3223958333333332
1 0.2172164351851852 0.7420312499999999 0.293125 0.3979166666666668
1 0.08586805555555556 0.6128125 0.12118055555555556 0.265