2 0.9340798611111112 0.9613136574074073 0.1318402777777777 0.06512731481481496
1 0.5070138888888889 0.6112905092592593 0.18263888888888893 0.3840393518518518
1 0.33725694444444443 0.6953877314814815 0.18552083333333336 0.3434490740740742
1 0.2573784722222222 0.42792245370370374 0.10684027777777771 0.18979166666666672
2 0.14527777777777778 0.42015624999999995 0.0505902777777778 0.04879629629629641
2 0.07564236111111111 0.4183275462962963 0.05222222222222221 0.05037037037037031
1 0.8715277777777779 0.8374537037037036 0.2569444444444443 0.3145370370370372
1 0.64765625 0.6985590277777778 0.2785763888888889 0.46909722222222217
1 0.07604166666666667 0.4448958333333334 0.10100694444444444 0.1991203703703704
2 0.35409722222222223 0.6522800925925927 0.0765625 0.07085648148148138
1 0.14880208333333333 0.44670138888888894 0.11690972222222222 0.2054861111111112