1 0.4216435185185185 0.37859375 0.2445717592592592 0.5409953703703703
1 0.8962847222222223 0.46758101851851847 0.20743055555555542 0.5568055555555557
1 0.7854976851851851 0.41345486111111107 0.21206018518518518 0.5748958333333334
2 0.38480324074074074 0.48421875 0.0889120370370371 0.09250000000000007
1 0.5325173611111111 0.40101851851851855 0.23797453703703705 0.5639699074074074
2 0.24351851851851852 0.4949421296296297 0.08923611111111107 0.09875000000000007
2 0.7765798611111111 0.5135069444444444 0.09400462962962966 0.10059027777777771
0 0.9374710648148149 0.26581597222222225 0.12505787037037025 0.29077546296296297
2 0.5012094907407407 0.4773206018518518 0.08710648148148152 0.0877199074074074
2 0.10087962962962964 0.4493229166666667 0.09704861111111111 0.09921296296296304
2 0.9360474537037037 0.5965277777777779 0.1021412037037038 0.10730324074074069
1 0.16155092592592593 0.3650115740740741 0.31224537037037037 0.5543518518518519
1 0.2954571759259259 0.3782349537037037 0.28716435185185185 0.5513078703703703
1 0.664699074074074 0.4112094907407407 0.22862268518518505 0.5338194444444444