1 0.4762268518518519 0.560763888888889 0.11289351851851848 0.2399305555555557
1 0.1671585648148148 0.5859375 0.12641203703703704 0.30895833333333333
1 0.6296759259259259 0.5422916666666666 0.13010416666666663 0.24187499999999992
1 0.1233275462962963 0.5904340277777778 0.11531250000000001 0.2977777777777778
1 0.052514467592592595 0.5848611111111112 0.10502893518518519 0.2664930555555555
1 0.2948148148148148 0.5676736111111111 0.1151041666666667 0.2837152777777778
1 0.22347800925925926 0.5825 0.1139814814814815 0.3133680555555555
0 0.5170717592592593 0.4413194444444445 0.2235185185185186 0.32673611111111106
0 0.6691319444444443 0.41109375000000004 0.15436342592592603 0.19243055555555558
1 0.39272569444444444 0.5526562500000001 0.11944444444444446 0.26038194444444435
1 0.7776678240740742 0.5229166666666666 0.11091435185185183 0.2117708333333333
0 0.8774479166666665 0.43447916666666664 0.23649305555555528 0.2536111111111111