1 0.26625 0.27270833333333333 0.258125 0.33805555555555555
1 0.45510416666666664 0.25038194444444445 0.30187500000000006 0.3624305555555556
1 0.5973958333333333 0.22000000000000003 0.39979166666666666 0.35680555555555554
1 0.11583333333333334 0.29822916666666666 0.2152083333333333 0.34958333333333336
1 0.5954166666666667 0.5881597222222222 0.4172916666666667 0.36187500000000006
1 0.8448958333333334 0.5271180555555556 0.3102083333333333 0.34645833333333337
1 0.259375 0.6142361111111111 0.4654166666666667 0.42847222222222214
2 0.8995052083333335 0.5459895833333334 0.20098958333333314 0.12659722222222225
2 0.5205729166666666 0.2728993055555556 0.12822916666666656 0.0746180555555556
2 0.5946875 0.600625 0.19645833333333335 0.11513888888888886
2 0.8664583333333333 0.19555555555555557 0.09927083333333328 0.06149305555555555
2 0.24651041666666665 0.64359375 0.19781250000000003 0.11204861111111111
2 0.2810416666666667 0.31906249999999997 0.13156250000000008 0.07781249999999992
2 0.08442708333333333 0.36539930555555555 0.1253125 0.07767361111111111
2 0.7059895833333333 0.24581597222222223 0.12208333333333332 0.0760416666666667
1 0.7525520833333333 0.18366319444444446 0.4170833333333334 0.3353472222222222