1 0.14707175925925928 0.5974421296296296 0.12266203703703704 0.26192129629629635
1 0.21152777777777776 0.6233796296296296 0.12891203703703705 0.26224537037037055
1 0.26764467592592595 0.6387557870370371 0.12101851851851855 0.2602777777777778
1 0.31911458333333337 0.6546701388888889 0.13047453703703696 0.26232638888888893
1 0.37399305555555556 0.6762152777777779 0.12710648148148157 0.25747685185185176
1 0.42792824074074076 0.6945949074074074 0.13343749999999996 0.2593634259259261
1 0.49017361111111113 0.7079513888888889 0.12570601851851854 0.26052083333333337
1 0.5448900462962963 0.7263715277777777 0.12546296296296297 0.25583333333333336
1 0.598125 0.7462731481481482 0.12990740740740742 0.25138888888888894
1 0.6609780092592593 0.7713483796296297 0.14618055555555554 0.26469907407407406
1 0.7156539351851852 0.7889872685185185 0.1450231481481481 0.2724305555555556
1 0.7798668981481481 0.8102372685185186 0.15760416666666668 0.2746412037037036
1 0.8287905092592593 0.8221238425925925 0.14634259259259252 0.26782407407407405
1 0.8921412037037036 0.8417708333333334 0.16269675925925925 0.2826967592592592