1 0.28706597222222224 0.22807291666666668 0.2015046296296296 0.316875
1 0.4792650462962963 0.2245833333333333 0.24238425925925924 0.3349652777777778
1 0.6274942129629629 0.2072222222222222 0.3435995370370371 0.3137847222222222
1 0.10588541666666666 0.23678819444444446 0.20945601851851853 0.32642361111111107
1 0.5547280092592592 0.5706770833333333 0.36083333333333345 0.3172916666666666
1 0.8428645833333335 0.5391493055555555 0.31427083333333317 0.30711805555555555
1 0.21467592592592594 0.5641666666666667 0.3976736111111111 0.3790277777777778
2 0.8757638888888888 0.5596354166666666 0.2045370370370371 0.09982638888888892
2 0.5398495370370371 0.2521527777777778 0.11960648148148145 0.06045138888888886
2 0.5510069444444444 0.5832638888888889 0.18254629629629626 0.09152777777777779
2 0.8994849537037037 0.20899305555555556 0.09134259259259281 0.05045138888888889
2 0.19634259259259257 0.5927083333333334 0.18406250000000002 0.08843749999999986
2 0.29244791666666664 0.27484375 0.12275462962962962 0.06208333333333336
2 0.08185763888888889 0.30296875 0.1274421296296296 0.06218750000000002
2 0.7296354166666668 0.2440277777777778 0.11179398148148145 0.060277777777777784
1 0.7881770833333334 0.18645833333333334 0.3682291666666666 0.28934027777777777