1 0.7780034722222222 0.7610243055555556 0.09934027777777779 0.2550347222222221
1 0.05673611111111111 0.7616319444444445 0.0867361111111111 0.3201388888888889
1 0.4410069444444444 0.700925925925926 0.11677083333333335 0.2666087962962962
1 0.8541666666666666 0.8691261574074074 0.20173611111111106 0.2617476851851851
1 0.19663194444444443 0.8042824074074074 0.20947916666666666 0.36371527777777785
2 0.7841493055555555 0.7214409722222221 0.05284722222222218 0.05972222222222214
2 0.5700694444444444 0.8532407407407409 0.0641319444444445 0.07575231481481452
1 0.6068749999999999 0.8233796296296296 0.18034722222222221 0.3173611111111111
2 0.4420659722222222 0.6783275462962963 0.06239583333333343 0.06788194444444447
2 0.8089409722222222 0.957277199074074 0.07534722222222215 0.0854456018518519
2 0.14467013888888888 0.7844039351851851 0.07190972222222221 0.07447916666666679