1 0.09343749999999999 0.6109259259259259 0.11295138888888889 0.2615162037037038
1 0.15578124999999998 0.6353009259259259 0.1192013888888889 0.2618402777777778
1 0.2115798611111111 0.6483738425925927 0.11131944444444439 0.259872685185185
1 0.26187499999999997 0.6619444444444444 0.12076388888888889 0.26192129629629635
1 0.31579861111111107 0.6819675925925925 0.11736111111111107 0.2555092592592592
1 0.36907986111111113 0.6988252314814816 0.12368055555555557 0.2573958333333334
1 0.43123263888888885 0.7098784722222222 0.1160069444444444 0.2601157407407408
1 0.4845486111111111 0.7259548611111112 0.11572916666666658 0.2538657407407408
1 0.5361979166666666 0.7442939814814815 0.12177083333333343 0.24950231481481477
1 0.5985763888888889 0.7678877314814815 0.1364583333333332 0.2642939814814815
1 0.6519270833333334 0.7831828703703704 0.13524305555555555 0.2720254629629631
1 0.7152951388888888 0.8021296296296295 0.14774305555555553 0.2726736111111109
1 0.7641666666666668 0.8124942129629631 0.1365972222222222 0.2674189814814817
1 0.8260416666666666 0.8297974537037037 0.15277777777777785 0.2807291666666668