1 0.7851388888888888 0.8238657407407407 0.4297222222222222 0.35226851851851854
2 0.34175347222222224 0.6932696759259259 0.12371527777777783 0.1566898148148148
2 0.32133680555555555 0.6879803240740741 0.052604166666666605 0.04840277777777775
2 0.6532118055555556 0.6205208333333333 0.05263888888888886 0.04996527777777775
1 0.9488020833333334 0.5560879629629629 0.10239583333333328 0.15020833333333333
1 0.7237152777777778 0.5960648148148148 0.13843749999999985 0.18679398148148146
1 0.8397569444444445 0.5831076388888888 0.1271874999999998 0.17240740740740748
2 0.21880208333333334 0.7114872685185185 0.06684027777777776 0.056631944444444395
1 0.3441493055555555 0.6956828703703704 0.12076388888888889 0.16440972222222214
1 0.6313020833333334 0.6183101851851852 0.1323611111111111 0.1944212962962963
1 0.22614583333333332 0.7257581018518519 0.12847222222222224 0.15995370370370382
1 0.4961111111111111 0.6127430555555555 0.1151736111111111 0.12364583333333332