1 0.18086805555555555 0.7125 0.08509259259259258 0.259375
1 0.24334490740740738 0.7109375 0.08807870370370371 0.25
1 0.29557291666666663 0.703125 0.10057870370370373 0.25
1 0.3572800925925926 0.70234375 0.08805555555555555 0.2484375
1 0.4165972222222222 0.6984375 0.0833217592592593 0.2453125
1 0.4672974537037037 0.69296875 0.08173611111111115 0.24375
1 0.5274189814814815 0.690625 0.0942592592592593 0.2453125
1 0.586736111111111 0.68671875 0.07380787037037032 0.2359375
1 0.6398842592592592 0.68828125 0.0865162037037038 0.25
1 0.7069791666666667 0.68203125 0.09736111111111115 0.24375
1 0.7608159722222222 0.67734375 0.09896990740740748 0.246875
1 0.8193981481481482 0.6765625 0.10836805555555565 0.2484375
1 0.8747858796296295 0.67109375 0.11790509259259281 0.259375
1 0.9344270833333332 0.66484375 0.13114583333333343 0.2609375