1 0.7234895833333332 0.8591261574074075 0.5530208333333334 0.2758449074074072
2 0.3061979166666666 0.5949016203703704 0.13375000000000004 0.15560185185185188
2 0.28973958333333333 0.5825173611111112 0.056354166666666664 0.048831018518518475
2 0.6300520833333334 0.6456539351851852 0.05645833333333332 0.050393518518518476
1 0.9391145833333333 0.7019270833333333 0.12177083333333343 0.14938657407407413
1 0.7061458333333334 0.6497800925925926 0.15135416666666668 0.18540509259259252
1 0.8207812499999999 0.6809780092592593 0.13791666666666663 0.17124999999999985
2 0.183125 0.5661111111111111 0.069375 0.05673611111111114
1 0.3080208333333333 0.5987962962962963 0.1328125 0.16496527777777778
1 0.6097916666666666 0.6348611111111111 0.14718750000000008 0.19318287037037046
1 0.18494791666666668 0.581730324074074 0.13864583333333336 0.15876157407407412
1 0.48260416666666667 0.579525462962963 0.12385416666666664 0.12429398148148145