1 0.8407465277777778 0.543431712962963 0.07281249999999986 0.18484953703703705
1 0.1885763888888889 0.18359953703703705 0.10222222222222221 0.10296296296296292
1 0.5613368055555557 0.2124247685185185 0.04670138888888893 0.06384259259259259
1 0.6355381944444444 0.20944444444444446 0.039201388888889 0.07767361111111111
1 0.3954340277777778 0.09929398148148148 0.06291666666666665 0.09086805555555555
0 0.9121701388888889 0.09883680555555556 0.09826388888888893 0.13563657407407406
1 0.5979687499999999 0.5240451388888889 0.07503472222222225 0.2145833333333332
1 0.9646354166666666 0.38418981481481485 0.06465277777777771 0.16899305555555558
0 0.9465972222222222 0.009114583333333334 0.06506944444444436 0.018229166666666668
1 0.5299652777777778 0.5244965277777778 0.07659722222222207 0.21462962962962956
1 0.6730034722222222 0.5233854166666667 0.0801388888888889 0.23347222222222222
1 0.5772048611111111 0.047002314814814816 0.03611111111111107 0.0791435185185185
1 0.5071006944444445 0.0936400462962963 0.045590277777777646 0.0841087962962963
1 0.6723611111111112 0.03950810185185185 0.03309027777777764 0.0790162037037037
1 0.6361284722222222 0.028735532407407404 0.035798611111111 0.05747106481481481
1 0.4299826388888889 0.5634201388888889 0.08881944444444442 0.20250000000000004
1 0.27121527777777776 0.595486111111111 0.08187499999999996 0.1710648148148149
1 0.34887152777777775 0.5720775462962963 0.06645833333333329 0.17997685185185192
1 0.8869965277777778 0.5490972222222222 0.08069444444444436 0.18820601851851854
0 0.8896006944444445 0.0469212962962963 0.09795138888888885 0.0938425925925926
0 0.8871006944444444 0.23717013888888888 0.1156944444444445 0.217349537037037
1 0.7696527777777777 0.5103587962962963 0.07124999999999986 0.18480324074074073