1 0.8359432870370369 0.7315104166666667 0.10366898148148138 0.2576041666666667
1 0.11961226851851854 0.8458333333333334 0.13635416666666664 0.30833333333333324
1 0.49859375000000006 0.7269270833333333 0.11986111111111111 0.2695833333333333
1 0.9189728009259259 0.8475260416666666 0.16205439814814823 0.30494791666666676
1 0.2840914351851852 0.8430208333333333 0.21364583333333337 0.31395833333333345
2 0.8338773148148148 0.6916666666666667 0.05456018518518526 0.06125000000000007
2 0.6564351851851852 0.858125 0.06622685185185198 0.07604166666666642
1 0.6857002314814815 0.8219270833333333 0.18479166666666663 0.32062500000000005
2 0.49429398148148146 0.7040625 0.06277777777777782 0.06958333333333329
2 0.9097685185185185 0.9240625 0.07624999999999993 0.08916666666666657
2 0.23137152777777778 0.85859375 0.0739583333333333 0.075