1 0.6586805555555555 0.7032407407407407 0.24913194444444448 0.4999421296296296
1 0.5515335648148149 0.5449363425925926 0.0931712962962962 0.20167824074074084
1 0.9363136574074075 0.6703703703703704 0.12737268518518513 0.41365740740740725
1 0.822482638888889 0.687326388888889 0.18917824074074083 0.3537037037037038
1 0.3368055555555555 0.405931712962963 0.07800925925925935 0.17094907407407406
1 0.43035300925925923 0.6808738425925926 0.2484375 0.43912037037037044
2 0.5520833333333334 0.5387442129629629 0.058854166666666784 0.07447916666666661
1 0.14519675925925926 0.5966435185185185 0.2637731481481482 0.47453703703703703
2 0.10031828703703702 0.5418981481481482 0.09438657407407405 0.10827546296296298
2 0.6914930555555555 0.7267071759259259 0.09467592592592596 0.11608796296296298
2 0.43657407407407406 0.7857349537037036 0.090625 0.13292824074074083
2 0.8463252314814815 0.6579282407407407 0.07662037037037024 0.09137731481481488