1 0.22401620370370373 0.7453935185185185 0.11196759259259252 0.26677083333333335
1 0.2862326388888889 0.7436284722222222 0.11304398148148147 0.257488425925926
1 0.3372280092592593 0.7357465277777777 0.12562500000000004 0.25979166666666664
1 0.3986631944444444 0.7339351851851852 0.11296296296296297 0.255925925925926
1 0.4568518518518518 0.7295949074074074 0.10811342592592581 0.2525231481481482
1 0.5063657407407407 0.7231828703703703 0.1064699074074074 0.2508680555555557
1 0.5661979166666666 0.7204976851851852 0.11905092592592599 0.2531712962962963
1 0.6243865740740742 0.7161574074074074 0.09825231481481467 0.24259259259259255
1 0.6781712962962964 0.7170081018518518 0.11304398148148138 0.257488425925926
1 0.7432291666666667 0.7099594907407407 0.122175925925926 0.2533564814814813
1 0.7966898148148148 0.7045601851851853 0.12546296296296297 0.25666666666666665
1 0.8550405092592592 0.7033449074074074 0.13343750000000015 0.26025462962962964
1 0.9100231481481481 0.6972569444444444 0.1433796296296297 0.2717476851851853
1 0.9442534722222222 0.6895601851851851 0.11149305555555564 0.27377314814814807