1 0.49957754629629625 0.5188020833333333 0.14269675925925931 0.25458333333333344
1 0.19990740740740742 0.6138541666666667 0.16559027777777774 0.3247916666666667
1 0.6473784722222222 0.46593750000000006 0.15995370370370382 0.2604166666666668
1 0.1571122685185185 0.6284375000000001 0.1529050925925926 0.3114583333333332
1 0.08220486111111111 0.6396875 0.14777777777777779 0.2814583333333333
1 0.3219849537037037 0.5666145833333334 0.15113425925925927 0.2972916666666666
1 0.25440972222222225 0.5977083333333333 0.15469907407407407 0.32718750000000013
0 0.5196006944444445 0.39234375 0.26134259259259274 0.36083333333333334
0 0.6648958333333332 0.3286979166666667 0.17646990740740734 0.21624999999999997
1 0.41606481481481483 0.5298437500000001 0.15239583333333329 0.27708333333333324
1 0.7904918981481481 0.41338541666666667 0.13761574074074084 0.22770833333333335
0 0.8704166666666666 0.3045833333333333 0.2591666666666669 0.2925000000000001