1 0.859375 0.4653935185185185 0.2390625 0.20041666666666663
1 0.5546875 0.1253761574074074 0.140625 0.1130208333333333
2 0.9640625 0.8896238425925926 0.071875 0.04950231481481495
1 0.85546875 0.8662326388888889 0.2890625 0.21521990740740726
2 0.1078125 0.1710590277777778 0.1203125 0.07365740740740741
1 0.53359375 0.8952199074074073 0.1921875 0.196597222222222
2 0.5703125 0.15561342592592592 0.0796875 0.044930555555555564
1 0.48828125 0.2919849537037037 0.20625 0.1889930555555555
1 0.51328125 0.4892708333333333 0.2765625 0.21659722222222227
1 0.3828125 0.1193287037037037 0.1328125 0.13946759259259262
1 0.14453125 0.5400462962962963 0.2109375 0.1859375
2 0.57265625 0.5399537037037037 0.071875 0.05262731481481477
1 0.09296875 0.1689351851851852 0.1625 0.11490740740740737
1 0.20546875 0.9078935185185184 0.2203125 0.181388888888889
1 0.846875 0.6687037037037037 0.30625 0.2076620370370371
2 0.3796875 0.1303125 0.0875 0.045046296296296265
2 0.16015625 0.9788773148148149 0.0921875 0.03886574074074076
2 0.23125 0.730167824074074 0.09375 0.05763888888888893
2 0.53046875 0.2960474537037037 0.0953125 0.051412037037037006
1 0.17109375 0.7232465277777778 0.2421875 0.22390046296296298
2 0.5328125 0.9585127314814816 0.109375 0.05943287037037024
2 0.128125 0.5598206018518519 0.0890625 0.05444444444444443
1 0.82265625 0.08251157407407408 0.2984375 0.16502314814814817
2 0.12578125 0.3286053240740741 0.1171875 0.06267361111111107
2 0.75078125 0.05372106481481481 0.1171875 0.06736111111111112
2 0.84609375 0.49527777777777776 0.1140625 0.06106481481481474
1 0.834375 0.2642013888888889 0.309375 0.20458333333333334
2 0.91875 0.2621701388888889 0.0953125 0.05453703703703701
2 0.61484375 0.7166724537037037 0.1046875 0.06405092592592591
1 0.52109375 0.6914988425925926 0.33125 0.22365740740740742
2 0.95078125 0.6679456018518518 0.075 0.047986111111111104
1 0.1796875 0.32390046296296293 0.2765625 0.2134722222222222