1 0.8667332175925926 0.6347453703703703 0.2665335648148147 0.24358796296296284
1 0.6650636574074074 0.20474537037037038 0.15696759259259263 0.1387615740740741
1 0.7695023148148148 0.9388194444444444 0.3452546296296296 0.12236111111111114
2 0.22244212962962964 0.08493055555555555 0.12920138888888885 0.09656250000000002
1 0.43973958333333335 0.9019965277777778 0.2235300925925925 0.19600694444444428
2 0.6715277777777777 0.23866319444444445 0.08443287037037042 0.0595949074074074
1 0.5566840277777778 0.3371412037037037 0.23442129629629632 0.22601851851851854
1 0.5281192129629629 0.5311979166666667 0.30740740740740746 0.2677777777777777
1 0.5008275462962963 0.13652199074074073 0.15458333333333343 0.1635763888888889
1 0.16057291666666668 0.4446875 0.23901620370370372 0.22317129629629626
2 0.5714930555555556 0.6000578703703704 0.07993055555555557 0.06556712962962977
1 0.20821759259259257 0.07862847222222222 0.1789351851851851 0.14318287037037036
1 0.13285300925925927 0.8251851851851851 0.22403935185185184 0.24412037037037032
1 0.8026504629629629 0.8212037037037037 0.33695601851851864 0.26484953703703695
2 0.4948553240740742 0.14552662037037037 0.09229166666666658 0.06162037037037038
2 0.0662962962962963 0.8688136574074073 0.08314814814814815 0.06887731481481474
2 0.19409722222222223 0.6549016203703704 0.10047453703703706 0.07458333333333336
2 0.5954513888888888 0.3558159722222222 0.10189814814814824 0.06998842592592594
1 0.14491898148148147 0.62703125 0.2605787037037037 0.26656250000000004
2 0.42284143518518513 0.969765625 0.11619212962962955 0.06046875000000007
2 0.13991898148148146 0.4582812499999999 0.09725694444444444 0.07127314814814803
1 0.8869328703703705 0.24 0.2261342592592591 0.2541435185185185
2 0.19816550925925927 0.2394675925925926 0.12414351851851854 0.08378472222222219
2 0.871840277777778 0.20842013888888888 0.1258449074074072 0.08856481481481486
2 0.8461574074074074 0.6576678240740741 0.12097222222222222 0.08203703703703695
1 0.8640451388888888 0.4345659722222222 0.2719097222222224 0.25876157407407413
2 0.9633449074074074 0.4637905092592593 0.07331018518518526 0.07218750000000007
2 0.5659722222222221 0.7822222222222223 0.11325231481481488 0.08469907407407398
1 0.48234374999999996 0.723454861111111 0.3625115740740741 0.2850810185185185
2 0.9012326388888889 0.8582407407407407 0.08135416666666657 0.060972222222222074
1 0.2508796296296296 0.25506944444444446 0.30731481481481476 0.2646527777777778