1 0.23111689814814812 0.7694270833333333 0.13641203703703705 0.28538194444444454
1 0.29620949074074077 0.7543749999999999 0.13953703703703707 0.28552083333333333
1 0.35280092592592593 0.7420659722222223 0.11752314814814806 0.27986111111111106
1 0.3977893518518519 0.7331423611111111 0.12785879629629626 0.26003472222222224
1 0.4561516203703704 0.7279340277777778 0.12606481481481477 0.2521527777777779
1 0.5035763888888889 0.7222395833333334 0.13240740740740745 0.25555555555555537
1 0.5703472222222222 0.7111631944444445 0.12624999999999992 0.2584027777777777
1 0.6223900462962962 0.7033333333333334 0.13888888888888892 0.26364583333333336
1 0.675144675925926 0.6931944444444443 0.1388425925925926 0.26208333333333333
1 0.7379629629629629 0.6803819444444444 0.13543981481481496 0.25256944444444435
1 0.7891782407407408 0.6709548611111111 0.13879629629629625 0.26052083333333337
1 0.847193287037037 0.6540277777777778 0.15157407407407425 0.2704513888888888
1 0.9024537037037037 0.6494618055555555 0.16444444444444456 0.28350694444444446
1 0.9387905092592593 0.6382986111111111 0.12241898148148138 0.28729166666666667