1 0.5732291666666667 0.47482638888888895 0.11635416666666672 0.19618055555555552
1 0.7192361111111112 0.488917824074074 0.2773611111111112 0.9056712962962962
1 0.11914930555555556 0.559375 0.2382986111111111 0.6809027777777779
1 0.8667881944444444 0.48579282407407404 0.25961805555555556 0.8925347222222222
1 0.41180555555555554 0.491724537037037 0.23239583333333336 0.9118055555555558
1 0.25645833333333334 0.47719907407407414 0.2820486111111111 0.9058449074074074
1 0.5531423611111111 0.4880497685185185 0.2665277777777778 0.9427083333333333
2 0.9121180555555555 0.43107638888888894 0.11559027777777757 0.17899305555555553
2 0.4019097222222222 0.5037905092592593 0.10472222222222224 0.18015046296296297
2 0.225 0.44794560185185184 0.10444444444444442 0.17390046296296297
2 0.05963541666666666 0.46576967592592594 0.10913194444444445 0.17407407407407405
2 0.5734027777777777 0.47092013888888895 0.10947916666666657 0.18188657407407405
2 0.7460416666666666 0.48246527777777776 0.10892361111111111 0.16938657407407404