2 0.9902951388888889 0.889699074074074 0.019409722222222214 0.09780092592592596
1 0.5466840277777777 0.6353009259259259 0.2453935185185184 0.4050925925925924
1 0.40799768518518514 0.7548900462962963 0.24004629629629637 0.36747685185185175
1 0.25853587962962965 0.5084780092592592 0.1367592592592593 0.20306712962962958
2 0.14958333333333335 0.5247106481481482 0.057928240740740745 0.05671296296296298
2 0.08258680555555556 0.538599537037037 0.05958333333333332 0.05833333333333339
1 0.9019618055555554 0.7812210648148148 0.19607638888888915 0.3710069444444445
1 0.7043344907407407 0.6910300925925925 0.3527893518518518 0.5072916666666668
1 0.09192708333333333 0.564670138888889 0.12940972222222222 0.21059027777777786
2 0.41225115740740736 0.708275462962963 0.08753472222222225 0.08275462962962958
1 0.1604398148148148 0.5500578703703705 0.14871527777777774 0.22065972222222213