1 0.1437326388888889 0.5718229166666667 0.14055555555555554 0.2882291666666667
1 0.21012152777777776 0.5846354166666666 0.1436805555555555 0.28843749999999985
1 0.2670659722222222 0.5965104166666666 0.12159722222222218 0.2822916666666668
1 0.31296875 0.6067708333333333 0.1316319444444444 0.2627083333333333
1 0.36866319444444445 0.62578125 0.12972222222222224 0.2547916666666666
1 0.4139583333333333 0.64 0.13611111111111107 0.2583333333333332
1 0.4805208333333333 0.6567187499999999 0.13000000000000006 0.26104166666666656
1 0.5312847222222222 0.6705729166666667 0.14270833333333321 0.26656250000000004
1 0.5851041666666666 0.6826562500000001 0.1426388888888889 0.265
1 0.6476215277777777 0.6965104166666667 0.13909722222222207 0.25541666666666674
1 0.6991319444444445 0.7095312500000001 0.14256944444444458 0.2634374999999999
1 0.7606249999999999 0.71796875 0.1554861111111112 0.2736458333333335
1 0.8131597222222222 0.73640625 0.16854166666666687 0.2869791666666666
1 0.8797916666666667 0.7546875 0.190625 0.29312499999999986