1 0.34208333333333335 0.424837962962963 0.30281249999999993 0.5502083333333333
1 0.8426041666666666 0.3173611111111111 0.30229166666666674 0.5657407407407408
1 0.7022916666666668 0.32100694444444444 0.2751041666666666 0.578136574074074
2 0.33390624999999996 0.5358217592592593 0.0984375 0.09921296296296304
1 0.45479166666666665 0.4033738425925926 0.2979166666666666 0.570150462962963
2 0.19973958333333336 0.5990219907407408 0.09874999999999998 0.10390046296296304
2 0.7200520833333334 0.4164467592592593 0.10364583333333321 0.10730324074074069
0 0.8453125 0.13274016203703703 0.2241666666666667 0.26548032407407407
2 0.44463541666666667 0.48568287037037033 0.09500000000000011 0.09434027777777772
2 0.051067708333333336 0.6102546296296296 0.10213541666666667 0.10583333333333336
2 0.8971354166666667 0.4331886574074074 0.11187499999999986 0.11401620370370366
1 0.13567708333333334 0.5086689814814814 0.2713541666666667 0.5670370370370371
1 0.21916666666666668 0.47103009259259265 0.34416666666666673 0.5635532407407406
1 0.5850520833333334 0.36375 0.28656249999999994 0.5399074074074074