1 0.6450520833333334 0.6403993055555556 0.2869212962962962 0.5025694444444445
1 0.5516493055555556 0.4849131944444444 0.10885416666666678 0.20138888888888892
1 0.9236979166666668 0.5983680555555556 0.15260416666666643 0.4137500000000001
1 0.8109375 0.6189409722222223 0.21603009259259273 0.35746527777777787
1 0.347193287037037 0.3523611111111111 0.0921875 0.17256944444444447
1 0.41675347222222225 0.6247222222222222 0.28003472222222214 0.4429861111111112
2 0.5521990740740741 0.47862847222222216 0.06371527777777786 0.07770833333333335
1 0.14942129629629627 0.5481770833333333 0.27511574074074074 0.4786458333333334
2 0.09739583333333333 0.4957118055555556 0.10086805555555556 0.11211805555555543
2 0.6755787037037038 0.6617361111111111 0.10271990740740744 0.11999999999999993
2 0.414380787037037 0.7296875 0.10011574074074084 0.13392361111111112
2 0.837962962962963 0.5880034722222222 0.08142361111111107 0.09253472222222214