1 0.5100347222222222 0.3942013888888889 0.02375000000000007 0.04270833333333339
0 0.8308275462962962 0.34644097222222225 0.05847222222222222 0.09034722222222218
1 0.5028645833333334 0.6920659722222222 0.09224537037037024 0.22076388888888906
1 0.7879513888888889 0.8873263888888889 0.33410879629629625 0.18239583333333337
0 0.9296296296296298 0.3434201388888889 0.14074074074074047 0.34065972222222224
1 0.5451446759259259 0.3871701388888889 0.026840277777777644 0.038090277777777716
0 0.7720428240740741 0.32196180555555554 0.059965277777777715 0.08100694444444442
0 0.3475694444444445 0.4025 0.07114583333333328 0.1140625
0 0.3214699074074074 0.571076388888889 0.2769212962962963 0.265486111111111
1 0.2835185185185185 0.8274305555555556 0.2165277777777778 0.3375694444444445
1 0.1001851851851852 0.7611805555555555 0.11432870370370374 0.24937499999999985