1 0.7700173611111112 0.36096643518518523 0.04436342592592588 0.075
1 0.8141203703703702 0.2954861111111111 0.03631944444444457 0.06689814814814818
1 0.6861921296296296 0.7714699074074074 0.0600462962962963 0.1302083333333332
1 0.5979745370370371 0.7440104166666667 0.06487268518518512 0.13506944444444446
1 0.6291898148148147 0.6913194444444445 0.0500694444444445 0.10954861111111107
1 0.7372858796296297 0.6258680555555556 0.04528935185185183 0.10625
1 0.7756944444444445 0.57890625 0.05484953703703717 0.11284722222222214
1 0.6560474537037038 0.5705729166666667 0.051168981481481524 0.09398148148148149
1 0.4922337962962963 0.5465567129629629 0.048865740740740904 0.06892361111111107
1 0.41225115740740736 0.5599826388888889 0.061550925925925884 0.07563657407407405
0 0.45518518518518525 0.7184317129629629 0.21748842592592582 0.33425925925925914
0 0.12211805555555558 0.8028645833333332 0.1975462962962963 0.3460069444444443
0 0.1926388888888889 0.391087962962963 0.20214120370370373 0.34305555555555556
0 0.8085358796296298 0.0806712962962963 0.08379629629629619 0.08894675925925925
0 0.8843865740740741 0.08582175925925926 0.1249305555555555 0.10763888888888891
0 0.21240740740740743 0.11009837962962962 0.06940972222222222 0.07748842592592595
1 0.25969907407407405 0.12589699074074073 0.021793981481481504 0.05075231481481479
1 0.15784143518518517 0.1385127314814815 0.02662037037037037 0.055613425925925955
1 0.12822337962962962 0.13975694444444448 0.024918981481481507 0.050868055555555534
1 0.1071064814814815 0.13819444444444445 0.023356481481481506 0.05081018518518521
1 0.08302662037037037 0.14198495370370373 0.024965277777777795 0.052430555555555536
1 0.032407407407407406 0.14557291666666666 0.02652777777777777 0.05248842592592595