1 0.04383680555555556 0.42255208333333333 0.06163194444444444 0.1486458333333333
1 0.38003472222222223 0.30397569444444444 0.06707175925925916 0.12714120370370371
1 0.5627893518518519 0.3127199074074074 0.09259259259259274 0.14268518518518522
1 0.3511863425925926 0.5820717592592592 0.11440972222222223 0.184513888888889
1 0.6772569444444445 0.7608391203703704 0.10144675925925917 0.17127314814814804
1 0.4842881944444445 0.6665740740740741 0.11591435185185191 0.18304398148148132
1 0.1674189814814815 0.6305439814814815 0.0942708333333333 0.14590277777777771
0 0.19091435185185185 0.35589699074074077 0.27922453703703703 0.3829282407407407
0 0.19461805555555556 0.8152777777777779 0.28171296296296294 0.3659259259259258
2 0.673582175925926 0.7461805555555555 0.0471643518518519 0.05268518518518519
2 0.3544849537037037 0.586574074074074 0.0390625 0.04440972222222221
2 0.5145833333333333 0.5543807870370371 0.040625 0.04450231481481488
2 0.16024305555555557 0.6270543981481481 0.04386574074074075 0.047812499999999855
2 0.2032986111111111 0.3943113425925926 0.046817129629629584 0.04331018518518519
2 0.37702546296296297 0.2861458333333333 0.03084490740740744 0.03300925925925924
2 0.567332175925926 0.32967592592592593 0.03246527777777786 0.034664351851851904