1 0.1002951388888889 0.7258333333333333 0.14600694444444445 0.22958333333333342
1 0.5548437500000001 0.7477951388888889 0.17475694444444442 0.24427083333333338
0 0.32715277777777774 0.7098437499999999 0.2739583333333333 0.33388888888888885
0 0.1026388888888889 0.5498263888888889 0.16819444444444445 0.27222222222222214
0 0.18475694444444443 0.35640625 0.19357638888888892 0.24624999999999994
0 0.4020659722222222 0.5830555555555555 0.2343055555555555 0.2846180555555556
0 0.8496874999999999 0.7911631944444444 0.30062500000000014 0.38781250000000006
0 0.736111111111111 0.550607638888889 0.21381944444444442 0.24513888888888893
0 0.43545138888888885 0.47204861111111107 0.2101736111111112 0.19822916666666668
0 0.37248263888888894 0.30453125000000003 0.1384027777777778 0.1638541666666667
0 0.5055208333333333 0.35944444444444446 0.16659722222222229 0.16604166666666673
0 0.9354861111111111 0.4801909722222222 0.1290277777777778 0.201701388888889
0 0.701875 0.4489236111111111 0.18746527777777774 0.2492361111111112
0 0.29538194444444443 0.27652777777777776 0.12527777777777782 0.14951388888888886
0 0.7435590277777777 0.7357812499999999 0.1906944444444445 0.2867708333333333