1 0.05296296296296297 0.7470486111111112 0.10592592592592594 0.2281828703703704
1 0.48946759259259254 0.7380208333333333 0.1686689814814816 0.2416666666666666
0 0.26397569444444446 0.7151909722222223 0.2658564814814815 0.3294560185185185
0 0.06341435185185185 0.5721643518518519 0.1268287037037037 0.2681712962962962
0 0.1393576388888889 0.3713541666666667 0.1875115740740741 0.24392361111111108
0 0.3458333333333333 0.5835358796296296 0.22714120370370372 0.28125
0 0.7891261574074073 0.7721354166666667 0.2998958333333334 0.40399305555555554
0 0.6811458333333333 0.5290219907407407 0.20763888888888893 0.24155092592592595
0 0.38453125 0.469849537037037 0.2047685185185185 0.19311342592592595
0 0.33023726851851853 0.30737847222222225 0.13435185185185183 0.1624421296296296
0 0.4608680555555555 0.3524305555555555 0.16238425925925917 0.16192129629629637
0 0.8997453703703704 0.44453125 0.15376157407407404 0.20057870370370362
0 0.6519618055555556 0.42954282407407407 0.18144675925925924 0.24681712962962976
0 0.2544212962962963 0.28446180555555556 0.12101851851851855 0.1479166666666666
0 0.6788136574074074 0.7130787037037037 0.18219907407407412 0.28582175925925934