1 0.47053819444444445 0.9806944444444443 0.06343750000000004 0.03861111111111128
1 0.3472048611111111 0.8824652777777778 0.06104166666666666 0.11031249999999986
1 0.4467534722222222 0.8416666666666668 0.05940972222222225 0.10868055555555571
1 0.5615104166666667 0.8272743055555555 0.055659722222222284 0.09447916666666671
1 0.5894444444444444 0.9375781249999999 0.0765625 0.12484375000000014
1 0.7096875 0.9777517361111112 0.06975694444444436 0.04449652777777757
1 0.3164756944444444 0.7524479166666667 0.05934027777777775 0.10711805555555554
1 0.3550347222222222 0.7954861111111111 0.054027777777777786 0.09284722222222222
1 0.3698611111111111 0.6729513888888888 0.043020833333333286 0.09079861111111107
1 0.4250520833333333 0.5989930555555556 0.036215277777777645 0.07802083333333325
1 0.4681076388888889 0.5853125 0.03416666666666668 0.06701388888888893
1 0.5330381944444444 0.5726041666666667 0.03409722222222218 0.06545138888888893
1 0.6199131944444444 0.5624305555555555 0.0468055555555555 0.07069444444444457
1 0.6649479166666666 0.5581944444444444 0.04034722222222218 0.06572916666666657
1 0.38993055555555556 0.5982118055555555 0.038993055555555586 0.07034722222222226
1 0.4540798611111111 0.4802083333333334 0.02538194444444457 0.044791666666666785
0 0.5544097222222222 0.5096180555555556 0.05815972222222214 0.08055555555555553
0 0.6564409722222223 0.5071354166666666 0.07059027777777764 0.07954861111111118
0 0.7046527777777778 0.45157986111111115 0.057534722222222355 0.06649305555555554
0 0.6187847222222222 0.4493229166666667 0.05107638888888886 0.061527777777777716
0 0.5181944444444444 0.46668402777777784 0.07076388888888889 0.1185416666666665
0 0.7538020833333333 0.5574652777777779 0.09159722222222229 0.09607638888888878
0 0.8879861111111111 0.6819444444444445 0.12302083333333336 0.1364583333333332
0 0.765798611111111 0.7396701388888889 0.118888888888889 0.14875000000000008
0 0.9292361111111112 0.81015625 0.14152777777777778 0.18107638888888894
0 0.5627430555555556 0.6971180555555556 0.1172569444444445 0.14711805555555557
0 0.5778993055555556 0.6346354166666666 0.09399305555555557 0.11489583333333328
0 0.72203125 0.6847048611111111 0.10874999999999986 0.13114583333333343
0 0.7639236111111112 0.6273090277777778 0.10059027777777771 0.1229861111111111