0 0.3964641203703704 0.9019675925925925 0.20913194444444444 0.1960648148148149
0 0.6345775462962963 0.8599363425925926 0.2245486111111111 0.26875
0 0.44288194444444445 0.6938541666666667 0.1632523148148149 0.1998495370370371
0 0.6184201388888889 0.70375 0.18898148148148142 0.21465277777777772
0 0.5978125000000001 0.588119212962963 0.13837962962962963 0.1413888888888888
0 0.7122048611111111 0.4342361111111111 0.09942129629629619 0.11215277777777785
0 0.4705324074074074 0.5076678240740741 0.12555555555555564 0.13476851851851848
0 0.5471180555555556 0.5396701388888889 0.10278935185185176 0.11693287037037052
0 0.5398148148148149 0.4541666666666666 0.09901620370370381 0.10434027777777785
0 0.08234085648148148 0.7447395833333333 0.16468171296296297 0.2159837962962964
0 0.1628125 0.5118518518518519 0.11192129629629632 0.11252314814814816
0 0.3272627314814815 0.4337847222222222 0.09505787037037035 0.11826388888888886
0 0.31986689814814817 0.33497685185185183 0.06310185185185188 0.07363425925925923
0 0.46545138888888893 0.4245775462962963 0.09400462962962948 0.09795138888888885
1 0.28973958333333333 0.5085706018518519 0.05052083333333339 0.07170138888888893
1 0.26297453703703705 0.5116898148148148 0.050844907407407366 0.07795138888888893
1 0.24913194444444448 0.3712210648148148 0.040173611111111104 0.05267361111111111
1 0.3129918981481482 0.48265624999999995 0.04402777777777782 0.0668287037037036
1 0.8116319444444444 0.9160416666666666 0.0645023148148148 0.07055555555555557
1 0.8211689814814814 0.8075636574074074 0.0708912037037038 0.10350694444444457
1 0.769074074074074 0.7559432870370371 0.0694907407407408 0.10658564814814823
1 0.7127546296296297 0.7707060185185185 0.06431712962962965 0.09707175925925923
1 0.6320370370370371 0.5014988425925926 0.0506018518518518 0.07326388888888893