0 0.2594328703703704 0.8599826388888889 0.19067129629629634 0.22795138888888894
0 0.49793981481481475 0.8926215277777778 0.2005092592592593 0.2147569444444443
0 0.3919097222222222 0.6813078703703704 0.14655092592592595 0.1997106481481481
0 0.5461747685185185 0.774074074074074 0.17019675925925917 0.21550925925925918
0 0.5744386574074074 0.6611979166666666 0.12696759259259255 0.14207175925925916
0 0.7406828703703704 0.5788773148148149 0.09063657407407391 0.11284722222222214
0 0.4919270833333334 0.5291666666666666 0.11437500000000007 0.13489583333333321
0 0.5480555555555556 0.5943287037037037 0.0922685185185184 0.11765046296296297
0 0.5766145833333333 0.5143229166666666 0.09052083333333343 0.10503472222222214
0 0.05921296296296297 0.5507233796296296 0.11842592592592593 0.21394675925925916
0 0.21171296296296296 0.385619212962963 0.10155092592592592 0.11209490740740743
0 0.3930324074074074 0.3943576388888889 0.08604166666666666 0.11875
0 0.4256712962962963 0.30292245370370374 0.05726851851851844 0.0729166666666666
0 0.5212210648148148 0.45234375 0.0857175925925926 0.096875
1 0.32817129629629627 0.44351851851851853 0.04320601851851853 0.071875
1 0.3025173611111111 0.4330150462962963 0.04329861111111111 0.078125
1 0.3467071759259259 0.3009837962962963 0.03511574074074071 0.05254629629629637
1 0.3596412037037037 0.4309895833333333 0.03688657407407412 0.06672453703703703
1 0.6880439814814815 0.9561342592592592 0.060856481481481414 0.08773148148148166
1 0.66171875 0.8936921296296297 0.05934027777777775 0.10740740740740762
1 0.6048263888888888 0.8800925925925925 0.056099537037037094 0.09936342592592595
1 0.6410243055555556 0.6012152777777778 0.044791666666666785 0.07355324074074084