1 0.1852199074074074 0.98984375 0.05120370370370368 0.0203125
1 0.3233622685185185 0.9875 0.062418981481481506 0.025
1 0.7861921296296297 0.90078125 0.06447916666666664 0.1125
1 0.9237673611111111 0.75703125 0.04700231481481474 0.08125
1 0.9848697916666665 0.84453125 0.030260416666666855 0.1
1 0.7544097222222221 0.73359375 0.06557870370370367 0.1046875
1 0.6729687500000001 0.7171875 0.049849537037037095 0.0765625
1 0.7372685185185185 0.62890625 0.05637731481481474 0.08125
1 0.7949421296296296 0.6265625 0.045624999999999895 0.084375
1 0.8242766203703704 0.5546875 0.04469907407407412 0.06875
1 0.7020775462962963 0.54921875 0.04469907407407412 0.06875
1 0.8343287037037037 0.42109375 0.04295138888888879 0.065625
1 0.7761400462962963 0.50703125 0.044884259259259277 0.071875
1 0.9862528935185185 0.4234375 0.027494212962962904 0.0609375
1 0.5342592592592592 0.47265625 0.03283564814814817 0.053125
1 0.668130787037037 0.47734375 0.03127314814814817 0.053125
1 0.7412905092592592 0.47265625 0.03908564814814817 0.053125
1 0.757349537037037 0.4140625 0.03228009259259253 0.04375
1 0.7656018518518518 0.36875 0.027962962962963012 0.05
1 0.7828298611111111 0.35625 0.027870370370370344 0.0484375
1 0.7147395833333332 0.39375 0.03402777777777786 0.046875
1 0.624994212962963 0.40859375 0.03081018518518519 0.0453125
1 0.4847280092592593 0.38828125 0.029340277777777857 0.046875
0 0.19733217592592595 0.7328125 0.15806712962962965 0.1625
0 0.3620775462962963 0.71796875 0.1644328703703703 0.2171875
0 0.5648900462962964 0.7390625 0.15190972222222215 0.1640625
0 0.589201388888889 0.5296875 0.1091550925925926 0.128125
0 0.5772164351851852 0.65703125 0.13039351851851855 0.14375
0 0.43483217592592593 0.62734375 0.12699074074074074 0.1390625
0 0.24115740740740738 0.5890625 0.10225694444444447 0.1171875
0 0.2915914351851852 0.53046875 0.11081018518518518 0.1296875
0 0.36402777777777773 0.44765625 0.08239583333333336 0.0984375
0 0.6688194444444445 0.26484375 0.07541666666666665 0.1125
0 0.4306886574074074 0.29375 0.06565972222222224 0.0796875
0 0.4310185185185185 0.5234375 0.12479166666666668 0.1546875