1 0.2667361111111111 0.9375 0.06832175925925928 0.0815393518518519
1 0.19578703703703704 0.7839699074074075 0.06883101851851854 0.11591435185185191
1 0.30666666666666664 0.78828125 0.06565972222222224 0.11255787037037024
1 0.421880787037037 0.8217881944444445 0.0607870370370371 0.09971064814814809
1 0.4001909722222223 0.9315393518518519 0.08494212962962955 0.13692129629629618
1 0.49885416666666665 0.9939525462962961 0.0725462962962963 0.012094907407407618
1 0.21886574074074075 0.6561342592592593 0.06565972222222224 0.11255787037037042
1 0.2383912037037037 0.7098668981481481 0.05917824074074076 0.09646990740740727
1 0.3016608796296296 0.6084201388888889 0.0482175925925926 0.09409722222222214
1 0.38452546296296297 0.5653935185185185 0.041759259259259274 0.07957175925925916
1 0.43065393518518513 0.5711516203703704 0.03849537037037045 0.06996527777777786
1 0.49721064814814814 0.5862268518518519 0.03847222222222228 0.06840277777777785
1 0.5834374999999999 0.6121238425925926 0.051041666666666784 0.0740162037037038
1 0.628912037037037 0.6264178240740741 0.04315972222222229 0.06875
1 0.35074652777777776 0.5504050925925925 0.04322916666666661 0.0734375
1 0.45962962962962967 0.4726273148148149 0.02877314814814813 0.04583333333333321
0 0.5433333333333333 0.5389178240740741 0.062141203703703594 0.08576388888888893
0 0.6414525462962963 0.5774016203703705 0.0746412037037036 0.08668981481481489
0 0.709693287037037 0.548119212962963 0.06039351851851862 0.0731481481481481
0 0.6287731481481481 0.5116898148148149 0.054050925925925954 0.06643518518518512
0 0.5261631944444444 0.48614004629629637 0.07832175925925924 0.1244212962962962
0 0.7137268518518518 0.662355324074074 0.09520833333333326 0.10538194444444429
0 0.7910648148148148 0.8257233796296296 0.12862268518518505 0.1484375
0 0.6513946759259259 0.8270833333333332 0.12568287037037038 0.16070601851851835
0 0.8181597222222223 0.9348958333333333 0.2339351851851852 0.13020833333333356
0 0.4756018518518519 0.7079282407407408 0.12409722222222222 0.15902777777777785
0 0.515451388888889 0.65859375 0.10017361111111107 0.12447916666666661
0 0.6316840277777778 0.7608506944444444 0.11603009259259256 0.14126157407407405
0 0.6943981481481482 0.7272569444444444 0.1065393518518519 0.13275462962962958