1 0.7428125 0.3251736111111111 0.04385416666666657 0.07274305555555553
1 0.795625 0.2584722222222222 0.03562499999999993 0.06631944444444446
1 0.6053124999999999 0.7377777777777779 0.061562500000000145 0.12774305555555543
1 0.5204166666666666 0.7123611111111112 0.06500000000000003 0.13249999999999992
1 0.5582812500000001 0.6592534722222222 0.050833333333333286 0.10722222222222229
1 0.67515625 0.5911284722222222 0.044375000000000143 0.10395833333333329
1 0.72046875 0.5433159722222223 0.054166666666666786 0.11041666666666661
1 0.6015104166666667 0.5373784722222222 0.0513541666666665 0.09163194444444436
1 0.4405729166666667 0.5175520833333334 0.04812499999999993 0.06659722222222228
1 0.3584375 0.5326388888888889 0.06104166666666666 0.07312499999999993
0 0.3806770833333334 0.6905034722222222 0.2182291666666667 0.3246874999999999
0 0.06768229166666666 0.7831944444444444 0.13536458333333332 0.3382986111111112
0 0.16026041666666666 0.36932291666666667 0.20322916666666666 0.33371527777777776
0 0.8185416666666667 0.0434375 0.08364583333333328 0.08454861111111112
0 0.8940104166666668 0.04848958333333333 0.12531249999999972 0.09697916666666666
0 0.21729166666666666 0.08722222222222223 0.07041666666666666 0.07333333333333333
1 0.26234375 0.10182291666666665 0.022083333333333323 0.050416666666666644
1 0.15911458333333334 0.11737847222222222 0.026979166666666644 0.05364583333333335
1 0.12932291666666668 0.11960069444444446 0.025208333333333322 0.05048611111111114
1 0.10833333333333335 0.11850694444444446 0.02364583333333332 0.05045138888888889
1 0.083125 0.1221875 0.025208333333333322 0.0504861111111111
1 0.03208333333333334 0.1272222222222222 0.026770833333333334 0.050520833333333307