1 0.024184027777777777 0.38891203703703703 0.04836805555555555 0.147175925925926
1 0.3710706018518518 0.2946412037037037 0.05829861111111114 0.12511574074074075
1 0.5505902777777778 0.3159780092592593 0.08366898148148146 0.13909722222222226
1 0.3051793981481482 0.5707233796296297 0.10206018518518523 0.1807407407407407
1 0.6026041666666666 0.7714641203703703 0.08918981481481474 0.16750000000000007
1 0.424849537037037 0.664236111111111 0.1035763888888889 0.17927083333333335
1 0.1169849537037037 0.6052719907407408 0.08532407407407408 0.14231481481481473
0 0.17729166666666668 0.3334201388888889 0.25591435185185185 0.372349537037037
0 0.12035879629629628 0.8066956018518517 0.24071759259259257 0.3847569444444446
2 0.6007002314814814 0.7567592592592594 0.043622685185185264 0.05093749999999986
2 0.3081886574074074 0.5744444444444444 0.03714120370370368 0.042754629629629545
2 0.4702314814814814 0.5539236111111111 0.038703703703703594 0.04284722222222222
2 0.11006944444444444 0.6017824074074074 0.040312500000000015 0.04450231481481488
2 0.18470486111111112 0.37275462962962963 0.04486111111111111 0.04009259259259253
2 0.37082175925925925 0.27671875 0.02900462962962962 0.03135416666666666
2 0.5524247685185185 0.33302662037037034 0.030613425925925954 0.03300925925925924