1 0.07480902777777779 0.9290914351851851 0.04936342592592591 0.08047453703703696
1 0.21398148148148147 0.9391087962962963 0.06105324074074074 0.06549768518518526
1 0.6933043981481481 0.9072048611111111 0.057233796296296366 0.11204861111111128
1 0.8609895833333333 0.7872743055555556 0.041631944444444714 0.0816319444444444
1 0.9154340277777777 0.8855034722222221 0.050416666666666644 0.10078703703703695
1 0.6978761574074074 0.7385474537037038 0.05847222222222222 0.10587962962962968
1 0.6211747685185185 0.7096238425925925 0.04443287037037038 0.07554398148148138
1 0.7041666666666667 0.6332523148148148 0.05092592592592595 0.08055555555555553
1 0.7609027777777777 0.6397106481481482 0.04023148148148152 0.08467592592592581
1 0.8060590277777777 0.573917824074074 0.039421296296296406 0.06905092592592581
1 0.6857291666666667 0.5496064814814815 0.039421296296296406 0.06905092592592581
1 0.8439872685185186 0.44426504629629626 0.03925925925925924 0.0659259259259258
1 0.7688078703703705 0.5202314814814815 0.039583333333333214 0.07217592592592581
1 0.9912760416666668 0.4714814814814815 0.01744791666666643 0.06091435185185183
1 0.5363078703703704 0.4476851851851852 0.02923611111111111 0.05293981481481484
1 0.6676967592592592 0.47377314814814814 0.027673611111111107 0.052858796296296265
1 0.7408796296296296 0.4801620370370371 0.03548611111111111 0.053263888888889
1 0.7693749999999999 0.42541666666666667 0.03031250000000014 0.043645833333333425
1 0.7875 0.382175925925926 0.024467592592592523 0.051134259259259275
1 0.8073668981481481 0.37252893518518515 0.02438657407407412 0.049571759259259274
1 0.7319791666666667 0.3991550925925926 0.030474537037036953 0.04677083333333334
1 0.6395486111111112 0.3992476851851852 0.027268518518518546 0.045046296296296265
1 0.505005787037037 0.35765625 0.025787037037036952 0.046527777777777765
0 0.14726851851851852 0.6495949074074074 0.14708333333333332 0.161898148148148
0 0.31316550925925923 0.6613599537037037 0.1484375 0.21806712962962962
0 0.509375 0.7138541666666667 0.14091435185185192 0.16313657407407406
0 0.5780729166666667 0.5128877314814815 0.1001504629629629 0.12829861111111107
0 0.5397800925925926 0.6355092592592593 0.12119212962962962 0.14341435185185175
0 0.40471064814814817 0.5837615740740741 0.11782407407407405 0.13856481481481495
0 0.22183449074074074 0.5164756944444445 0.09481481481481477 0.1155555555555555
0 0.2842476851851852 0.4662384259259259 0.10179398148148149 0.12994212962962948
0 0.3730729166666667 0.3966145833333333 0.07517361111111116 0.09739583333333339
0 0.7140740740740741 0.26534722222222223 0.0666087962962962 0.11253472222222224
0 0.4731365740740741 0.2566898148148148 0.06021990740740737 0.07947916666666668
0 0.42292245370370374 0.48176504629629624 0.11402777777777776 0.15550925925925937